mapCenter:
  lat: 47.555514
  lon:  -122.252480
mapZoom: 16

