mapCenter:
  lat: 47.604881
  lon:  -122.526786
mapZoom: 13
