mapCenter:
  lat: 47.556312
  lon: -122.268748
mapZoom: 15

