mapCenter:
  lat: 47.562003
  lon:  -122.298994
mapZoom: 16
