mapCenter:
  lat: 47.558627
  lon: -122.251435
mapZoom: 13
