mapCenter:
  lat: 47.550720
  lon: -122.251435
mapZoom: 15
