mapCenter:
  lat: 46.644309
  lon: -121.287681
mapZoom: 7.5

